[
  {
    "name": ["CT Spawn", "CT Box"],
    "weapon": "weapon_knife",
    "position": [218.36099243164, 2104.6469726563, -126.12799835205],
    "viewangles": [5.06, 169.16],
    "movement": {
      "frames": [
        12,
        [
          0,
          0,
          "F"
        ],
        8,
        [
          0.264,
          -0.13200399999999
        ],
        [
          0.352,
          -0.26400799999999
        ],
        [
          0.352,
          -0.571991
        ],
        8,
        [
          0.396,
          -0.220001
        ],
        [
          0.176,
          -0.17600999999999
        ],
        [
          0.044,
          0.044005999999996
        ],
        2,
        [
          0.044
        ],
        [
          0.264,
          -0.395996
        ],
        [
          0.528,
          -0.96800200000001
        ],
        [
          0.264,
          -0.57200599999999
        ],
        [
          0.264,
          -0.57200599999999
        ],
        [
          0.22,
          -0.48400899999999
        ],
        [
          0,
          -0.26400799999999
        ],
        6,
        [
          0.044
        ],
        4,
        [
          -0.308,
          -0.088012999999989
        ],
        [
          -0.484,
          -0.26400799999999
        ],
        [
          -0.792,
          -0.220001
        ],
        [
          -0.748,
          -0.26400799999999
        ],
        [
          -1.012,
          -0.307999
        ],
        [
          -1.1,
          -0.263992
        ],
        [
          -1.056
        ],
        [
          -0.924,
          0.044005999999996
        ],
        [
          -0.836,
          -0.088012999999989
        ],
        [
          -0.484,
          -0.088012999999989
        ],
        [
          -0.616,
          0.044005999999996
        ],
        [
          -0.484,
          0.30801399999999
        ],
        [
          -0.22,
          0.175995
        ],
        [
          -0.352,
          0.26400799999999
        ],
        [
          -0.132,
          0.66000399999999
        ],
        [
          -0.044,
          0.83599899999999
        ],
        [
          0.308,
          1.584
        ],
        [
          0.66,
          1.848007
        ],
        [
          0.924,
          1.451996,
          "JR"
        ],
        [
          2.332,
          2.024002,
          "j"
        ],
        [
          3.036,
          1.496002
        ],
        [
          3.036,
          0.70401000000001
        ],
        [
          3.124,
          -0.13200399999999,
          "f"
        ],
        [
          1.628,
          -0.48400899999999
        ],
        [
          2.068,
          -1.187988
        ],
        [
          1.54,
          -1.40799
        ],
        [
          0.836,
          -1.056
        ],
        [
          1.276,
          -2.28801
        ],
        [
          0.484,
          -1.188004
        ],
        [
          0.836,
          -2.112
        ],
        [
          0.66,
          -1.847992
        ],
        [
          0.484,
          -2.112
        ],
        [
          0.22,
          -1.40799
        ],
        [
          0.22,
          -1.935989
        ],
        [
          0.088000000000001,
          -1.891998
        ],
        [
          0.088000000000001,
          -1.891998
        ],
        [
          0,
          -1.848007
        ],
        [
          0,
          -1.100006
        ],
        [
          -0.088000000000001,
          -1.451981
        ],
        [
          -0.264,
          -1.451981
        ],
        [
          -0.44,
          -1.40799
        ],
        [
          -0.44,
          -1.011993
        ],
        [
          -0.352,
          -0.57200599999999
        ],
        [
          -0.484,
          -0.61599699999999
        ],
        [
          -0.396,
          -0.17600999999999
        ],
        [
          -0.308,
          0.088012999999989,
          "L",
          0,
          0
        ],
        [
          -0.176,
          0.220001,
          "",
          0,
          0
        ],
        [
          -0.22,
          0.96800200000001,
          "",
          0,
          0
        ],
        [
          -0.176,
          2.551987,
          "r"
        ],
        [
          -0.088000000000001,
          4.091995
        ],
        [
          -0.088000000000001,
          6.600006
        ],
        [
          0,
          8.096008
        ],
        [
          -0.088000000000001,
          5.983994
        ],
        [
          -0.044,
          -349.923996,
          "Z"
        ],
        [
          0,
          9.063995
        ],
        [
          0,
          5.632004,
          "J"
        ],
        [
          0.088000000000001,
          6.643997,
          "j"
        ],
        [
          0.044,
          5.059998
        ],
        [
          0,
          4.180008
        ],
        [
          0,
          2.815994
        ],
        [
          0,
          5.14801
        ],
        [
          -0.176,
          5.412003
        ],
        [
          -0.308,
          7.171997
        ],
        [
          -0.308,
          6.952003,
          "z"
        ],
        [
          -0.352,
          6.599998
        ],
        [
          -0.132,
          3.695999
        ],
        [
          -0.088000000000001,
          4.048004
        ],
        [
          -0.044,
          3.168007
        ],
        [
          0,
          2.639999
        ],
        [
          0,
          2.507996
        ],
        [
          0,
          1.452003
        ],
        [
          0,
          2.112007
        ],
        [
          0,
          1.848
        ],
        [
          0,
          2.112007
        ],
        [
          0,
          1.540001
        ],
        [
          0,
          0.836006
        ],
        [
          0,
          1.188011
        ],
        [
          0,
          1.364006
        ],
        [
          0,
          1.891998
        ],
        [
          0,
          1.187996
        ],
        [
          0,
          1.715996,
          "R",
          0,
          0
        ],
        [
          0.044,
          1.012001,
          "",
          0,
          0
        ],
        [
          0.044,
          0.13200399999999,
          "l"
        ],
        [
          0.044,
          -0.087997000000001,
          "D"
        ],
        [
          0.088000000000001,
          -0.748001
        ],
        [
          0,
          -1.671997
        ],
        [
          0,
          -0.835999
        ],
        [
          -0.484,
          -1.496002
        ],
        [
          -0.704,
          -1.803993,
          "L",
          0,
          225
        ],
        [
          -0.264,
          -1.012001,
          "",
          0,
          0
        ],
        [
          -0.308,
          -0.52800000000001,
          "r"
        ],
        [
          -0.308,
          0.175995,
          "F"
        ],
        [
          -0.176,
          0.35200500000001
        ],
        [
          -0.087999999999999,
          0.307999
        ],
        [
          -0.087999999999999,
          0.264008
        ],
        [
          -0.087999999999999,
          0.220001,
          "l"
        ],
        [
          -0.176,
          0.175995
        ],
        [
          -0.264,
          0.307999
        ],
        [
          -0.264,
          0.30800600000001
        ],
        3,
        [
          -0.087999999999999,
          0.087997000000001
        ],
        12,
        [
          0,
          0,
          "d"
        ],
        4,
        [
          0,
          0,
          "S"
        ],
        8
      ]
    }
  }
]
